digraph Tree {
node [shape=box, fontname="helvetica"] ;
edge [fontname="helvetica"] ;
0 [label="X[15] <= -3.312\ngini = 0.957\nsamples = 789\nvalue = [34, 35, 25, 34, 33, 42, 25, 33, 25, 19, 40, 35\n40, 32, 36, 26, 38, 30, 34, 36, 33, 33, 45, 26]"] ;
1 [label="X[11] <= 3161.335\ngini = 0.924\nsamples = 377\nvalue = [1, 27, 1, 26, 2, 37, 1, 30, 3, 9, 3, 30, 39\n1, 22, 3, 36, 5, 32, 4, 23, 6, 35, 1]"] ;
0 -> 1 [labeldistance=2.5, labelangle=45, headlabel="True"] ;
2 [label="X[17] <= 14731.5\ngini = 0.827\nsamples = 111\nvalue = [0, 27, 1, 4, 0, 1, 1, 7, 3, 0, 0, 3, 2, 0\n4, 0, 6, 3, 4, 0, 12, 0, 33, 0]"] ;
1 -> 2 ;
3 [label="X[8] <= 4148.327\ngini = 0.52\nsamples = 41\nvalue = [0, 0, 1, 2, 0, 0, 1, 2, 3, 0, 0, 0, 0, 0\n1, 0, 1, 1, 1, 0, 0, 0, 28, 0]"] ;
2 -> 3 ;
4 [label="X[1] <= 4387.5\ngini = 0.776\nsamples = 7\nvalue = [0, 0, 0, 2, 0, 0, 0, 2, 0, 0, 0, 0, 0, 0\n0, 0, 1, 1, 1, 0, 0, 0, 0, 0]"] ;
3 -> 4 ;
5 [label="gini = 0.0\nsamples = 2\nvalue = [0, 0, 0, 2, 0, 0, 0, 0, 0, 0, 0, 0, 0, 0\n0, 0, 0, 0, 0, 0, 0, 0, 0, 0]"] ;
4 -> 5 ;
6 [label="gini = 0.72\nsamples = 5\nvalue = [0, 0, 0, 0, 0, 0, 0, 2, 0, 0, 0, 0, 0, 0\n0, 0, 1, 1, 1, 0, 0, 0, 0, 0]"] ;
4 -> 6 ;
7 [label="X[16] <= 0.326\ngini = 0.311\nsamples = 34\nvalue = [0, 0, 1, 0, 0, 0, 1, 0, 3, 0, 0, 0, 0, 0\n1, 0, 0, 0, 0, 0, 0, 0, 28, 0]"] ;
3 -> 7 ;
8 [label="gini = 0.735\nsamples = 7\nvalue = [0, 0, 1, 0, 0, 0, 1, 0, 3, 0, 0, 0, 0, 0\n1, 0, 0, 0, 0, 0, 0, 0, 1, 0]"] ;
7 -> 8 ;
9 [label="gini = 0.0\nsamples = 27\nvalue = [0, 0, 0, 0, 0, 0, 0, 0, 0, 0, 0, 0, 0, 0\n0, 0, 0, 0, 0, 0, 0, 0, 27, 0]"] ;
7 -> 9 ;
10 [label="X[9] <= 853.998\ngini = 0.798\nsamples = 70\nvalue = [0, 27, 0, 2, 0, 1, 0, 5, 0, 0, 0, 3, 2, 0\n3, 0, 5, 2, 3, 0, 12, 0, 5, 0]"] ;
2 -> 10 ;
11 [label="gini = 0.0\nsamples = 17\nvalue = [0, 17, 0, 0, 0, 0, 0, 0, 0, 0, 0, 0, 0, 0\n0, 0, 0, 0, 0, 0, 0, 0, 0, 0]"] ;
10 -> 11 ;
12 [label="X[9] <= 1183.727\ngini = 0.872\nsamples = 53\nvalue = [0, 10, 0, 2, 0, 1, 0, 5, 0, 0, 0, 3, 2, 0\n3, 0, 5, 2, 3, 0, 12, 0, 5, 0]"] ;
10 -> 12 ;
13 [label="gini = 0.87\nsamples = 39\nvalue = [0, 10, 0, 2, 0, 1, 0, 5, 0, 0, 0, 2, 2, 0\n3, 0, 5, 2, 1, 0, 2, 0, 4, 0]"] ;
12 -> 13 ;
14 [label="gini = 0.459\nsamples = 14\nvalue = [0, 0, 0, 0, 0, 0, 0, 0, 0, 0, 0, 1, 0, 0\n0, 0, 0, 0, 2, 0, 10, 0, 1, 0]"] ;
12 -> 14 ;
15 [label="X[4] <= -34.837\ngini = 0.905\nsamples = 266\nvalue = [1, 0, 0, 22, 2, 36, 0, 23, 0, 9, 3, 27, 37\n1, 18, 3, 30, 2, 28, 4, 11, 6, 2, 1]"] ;
1 -> 15 ;
16 [label="X[17] <= 12205.0\ngini = 0.767\nsamples = 69\nvalue = [0, 0, 0, 0, 0, 16, 0, 0, 0, 0, 0, 0, 21, 0\n0, 0, 18, 0, 5, 0, 8, 1, 0, 0]"] ;
15 -> 16 ;
17 [label="X[8] <= 5306.583\ngini = 0.694\nsamples = 47\nvalue = [0, 0, 0, 0, 0, 15, 0, 0, 0, 0, 0, 0, 20, 0\n0, 0, 6, 0, 3, 0, 2, 1, 0, 0]"] ;
16 -> 17 ;
18 [label="gini = 0.641\nsamples = 37\nvalue = [0, 0, 0, 0, 0, 8, 0, 0, 0, 0, 0, 0, 20, 0\n0, 0, 4, 0, 3, 0, 1, 1, 0, 0]"] ;
17 -> 18 ;
19 [label="gini = 0.46\nsamples = 10\nvalue = [0, 0, 0, 0, 0, 7, 0, 0, 0, 0, 0, 0, 0, 0\n0, 0, 2, 0, 0, 0, 1, 0, 0, 0]"] ;
17 -> 19 ;
20 [label="X[17] <= 15948.0\ngini = 0.616\nsamples = 22\nvalue = [0, 0, 0, 0, 0, 1, 0, 0, 0, 0, 0, 0, 1, 0\n0, 0, 12, 0, 2, 0, 6, 0, 0, 0]"] ;
16 -> 20 ;
21 [label="gini = 0.525\nsamples = 18\nvalue = [0, 0, 0, 0, 0, 1, 0, 0, 0, 0, 0, 0, 1, 0\n0, 0, 12, 0, 2, 0, 2, 0, 0, 0]"] ;
20 -> 21 ;
22 [label="gini = 0.0\nsamples = 4\nvalue = [0, 0, 0, 0, 0, 0, 0, 0, 0, 0, 0, 0, 0, 0\n0, 0, 0, 0, 0, 0, 4, 0, 0, 0]"] ;
20 -> 22 ;
23 [label="X[0] <= 1.633\ngini = 0.908\nsamples = 197\nvalue = [1, 0, 0, 22, 2, 20, 0, 23, 0, 9, 3, 27, 16\n1, 18, 3, 12, 2, 23, 4, 3, 5, 2, 1]"] ;
15 -> 23 ;
24 [label="X[5] <= 131.938\ngini = 0.732\nsamples = 34\nvalue = [1, 0, 0, 0, 1, 3, 0, 11, 0, 0, 0, 0, 0, 1\n13, 0, 0, 0, 2, 0, 0, 2, 0, 0]"] ;
23 -> 24 ;
25 [label="gini = 0.347\nsamples = 15\nvalue = [1, 0, 0, 0, 0, 0, 0, 1, 0, 0, 0, 0, 0, 1\n12, 0, 0, 0, 0, 0, 0, 0, 0, 0]"] ;
24 -> 25 ;
26 [label="gini = 0.67\nsamples = 19\nvalue = [0, 0, 0, 0, 1, 3, 0, 10, 0, 0, 0, 0, 0, 0\n1, 0, 0, 0, 2, 0, 0, 2, 0, 0]"] ;
24 -> 26 ;
27 [label="X[13] <= -1.484\ngini = 0.9\nsamples = 163\nvalue = [0, 0, 0, 22, 1, 17, 0, 12, 0, 9, 3, 27, 16\n0, 5, 3, 12, 2, 21, 4, 3, 3, 2, 1]"] ;
23 -> 27 ;
28 [label="gini = 0.34\nsamples = 10\nvalue = [0, 0, 0, 8, 0, 1, 0, 0, 0, 1, 0, 0, 0, 0\n0, 0, 0, 0, 0, 0, 0, 0, 0, 0]"] ;
27 -> 28 ;
29 [label="gini = 0.901\nsamples = 153\nvalue = [0, 0, 0, 14, 1, 16, 0, 12, 0, 8, 3, 27, 16\n0, 5, 3, 12, 2, 21, 4, 3, 3, 2, 1]"] ;
27 -> 29 ;
30 [label="X[12] <= 0.093\ngini = 0.94\nsamples = 412\nvalue = [33, 8, 24, 8, 31, 5, 24, 3, 22, 10, 37, 5, 1\n31, 14, 23, 2, 25, 2, 32, 10, 27, 10, 25]"] ;
0 -> 30 [labeldistance=2.5, labelangle=-45, headlabel="False"] ;
31 [label="X[4] <= -26.885\ngini = 0.92\nsamples = 269\nvalue = [2, 3, 24, 8, 29, 2, 23, 2, 19, 10, 36, 1, 0\n3, 8, 2, 1, 20, 2, 32, 6, 8, 10, 18]"] ;
30 -> 31 ;
32 [label="X[11] <= 3895.487\ngini = 0.899\nsamples = 149\nvalue = [2, 2, 4, 8, 26, 2, 1, 2, 0, 10, 14, 1, 0, 0\n8, 0, 1, 4, 2, 26, 6, 4, 10, 16]"] ;
31 -> 32 ;
33 [label="X[11] <= 2994.61\ngini = 0.894\nsamples = 109\nvalue = [1, 2, 4, 6, 8, 2, 1, 2, 0, 1, 13, 1, 0, 0\n8, 0, 1, 2, 2, 25, 5, 4, 10, 11]"] ;
32 -> 33 ;
34 [label="gini = 0.676\nsamples = 15\nvalue = [0, 1, 1, 0, 0, 0, 0, 0, 0, 0, 0, 0, 0, 0\n0, 0, 0, 0, 1, 0, 1, 1, 8, 2]"] ;
33 -> 34 ;
35 [label="gini = 0.876\nsamples = 94\nvalue = [1, 1, 3, 6, 8, 2, 1, 2, 0, 1, 13, 1, 0, 0\n8, 0, 1, 2, 1, 25, 4, 3, 2, 9]"] ;
33 -> 35 ;
36 [label="X[4] <= -32.954\ngini = 0.724\nsamples = 40\nvalue = [1, 0, 0, 2, 18, 0, 0, 0, 0, 9, 1, 0, 0, 0\n0, 0, 0, 2, 0, 1, 1, 0, 0, 5]"] ;
32 -> 36 ;
37 [label="gini = 0.314\nsamples = 11\nvalue = [0, 0, 0, 1, 0, 0, 0, 0, 0, 9, 0, 0, 0, 0\n0, 0, 0, 0, 0, 0, 1, 0, 0, 0]"] ;
36 -> 37 ;
38 [label="gini = 0.576\nsamples = 29\nvalue = [1, 0, 0, 1, 18, 0, 0, 0, 0, 0, 1, 0, 0, 0\n0, 0, 0, 2, 0, 1, 0, 0, 0, 5]"] ;
36 -> 38 ;
39 [label="X[3] <= 208.807\ngini = 0.857\nsamples = 120\nvalue = [0, 1, 20, 0, 3, 0, 22, 0, 19, 0, 22, 0, 0, 3\n0, 2, 0, 16, 0, 6, 0, 4, 0, 2]"] ;
31 -> 39 ;
40 [label="X[11] <= 2467.746\ngini = 0.798\nsamples = 69\nvalue = [0, 1, 19, 0, 3, 0, 3, 0, 5, 0, 18, 0, 0, 0\n0, 1, 0, 15, 0, 2, 0, 2, 0, 0]"] ;
39 -> 40 ;
41 [label="gini = 0.69\nsamples = 20\nvalue = [0, 1, 0, 0, 0, 0, 0, 0, 3, 0, 3, 0, 0, 0\n0, 0, 0, 10, 0, 1, 0, 2, 0, 0]"] ;
40 -> 41 ;
42 [label="gini = 0.736\nsamples = 49\nvalue = [0, 0, 19, 0, 3, 0, 3, 0, 2, 0, 15, 0, 0, 0\n0, 1, 0, 5, 0, 1, 0, 0, 0, 0]"] ;
40 -> 42 ;
43 [label="X[7] <= 0.285\ngini = 0.766\nsamples = 51\nvalue = [0, 0, 1, 0, 0, 0, 19, 0, 14, 0, 4, 0, 0, 3\n0, 1, 0, 1, 0, 4, 0, 2, 0, 2]"] ;
39 -> 43 ;
44 [label="gini = 0.576\nsamples = 25\nvalue = [0, 0, 0, 0, 0, 0, 8, 0, 14, 0, 1, 0, 0, 0\n0, 0, 0, 0, 0, 0, 0, 0, 0, 2]"] ;
43 -> 44 ;
45 [label="gini = 0.76\nsamples = 26\nvalue = [0, 0, 1, 0, 0, 0, 11, 0, 0, 0, 3, 0, 0, 3\n0, 1, 0, 1, 0, 4, 0, 2, 0, 0]"] ;
43 -> 45 ;
46 [label="X[11] <= 4194.262\ngini = 0.866\nsamples = 143\nvalue = [31, 5, 0, 0, 2, 3, 1, 1, 3, 0, 1, 4, 1, 28\n6, 21, 1, 5, 0, 0, 4, 19, 0, 7]"] ;
30 -> 46 ;
47 [label="X[3] <= 225.196\ngini = 0.876\nsamples = 121\nvalue = [11, 5, 0, 0, 2, 3, 1, 1, 3, 0, 1, 4, 1, 28\n6, 19, 1, 5, 0, 0, 4, 19, 0, 7]"] ;
46 -> 47 ;
48 [label="X[11] <= 3032.816\ngini = 0.881\nsamples = 91\nvalue = [11, 4, 0, 0, 1, 3, 0, 0, 2, 0, 1, 4, 1, 8\n6, 19, 0, 5, 0, 0, 4, 17, 0, 5]"] ;
47 -> 48 ;
49 [label="gini = 0.835\nsamples = 31\nvalue = [7, 2, 0, 0, 0, 0, 0, 0, 2, 0, 1, 0, 0, 1\n0, 0, 0, 5, 0, 0, 1, 7, 0, 5]"] ;
48 -> 49 ;
50 [label="gini = 0.833\nsamples = 60\nvalue = [4, 2, 0, 0, 1, 3, 0, 0, 0, 0, 0, 4, 1, 7\n6, 19, 0, 0, 0, 0, 3, 10, 0, 0]"] ;
48 -> 50 ;
51 [label="X[13] <= -1.122\ngini = 0.54\nsamples = 30\nvalue = [0, 1, 0, 0, 1, 0, 1, 1, 1, 0, 0, 0, 0, 20\n0, 0, 1, 0, 0, 0, 0, 2, 0, 2]"] ;
47 -> 51 ;
52 [label="gini = 0.238\nsamples = 23\nvalue = [0, 0, 0, 0, 0, 0, 1, 1, 0, 0, 0, 0, 0, 20\n0, 0, 1, 0, 0, 0, 0, 0, 0, 0]"] ;
51 -> 52 ;
53 [label="gini = 0.776\nsamples = 7\nvalue = [0, 1, 0, 0, 1, 0, 0, 0, 1, 0, 0, 0, 0, 0\n0, 0, 0, 0, 0, 0, 0, 2, 0, 2]"] ;
51 -> 53 ;
54 [label="X[0] <= 3.015\ngini = 0.165\nsamples = 22\nvalue = [20, 0, 0, 0, 0, 0, 0, 0, 0, 0, 0, 0, 0, 0\n0, 2, 0, 0, 0, 0, 0, 0, 0, 0]"] ;
46 -> 54 ;
55 [label="X[12] <= 1.279\ngini = 0.091\nsamples = 21\nvalue = [20, 0, 0, 0, 0, 0, 0, 0, 0, 0, 0, 0, 0, 0\n0, 1, 0, 0, 0, 0, 0, 0, 0, 0]"] ;
54 -> 55 ;
56 [label="gini = 0.0\nsamples = 20\nvalue = [20, 0, 0, 0, 0, 0, 0, 0, 0, 0, 0, 0, 0, 0\n0, 0, 0, 0, 0, 0, 0, 0, 0, 0]"] ;
55 -> 56 ;
57 [label="gini = 0.0\nsamples = 1\nvalue = [0, 0, 0, 0, 0, 0, 0, 0, 0, 0, 0, 0, 0, 0\n0, 1, 0, 0, 0, 0, 0, 0, 0, 0]"] ;
55 -> 57 ;
58 [label="gini = 0.0\nsamples = 1\nvalue = [0, 0, 0, 0, 0, 0, 0, 0, 0, 0, 0, 0, 0, 0\n0, 1, 0, 0, 0, 0, 0, 0, 0, 0]"] ;
54 -> 58 ;
}
