digraph Tree {
node [shape=box, fontname="helvetica"] ;
edge [fontname="helvetica"] ;
0 [label="X[15] <= -3.312\ngini = 0.957\nsamples = 789\nvalue = [34, 35, 25, 34, 33, 42, 25, 33, 25, 19, 40, 35\n40, 32, 36, 26, 38, 30, 34, 36, 33, 33, 45, 26]"] ;
1 [label="X[11] <= 3161.335\ngini = 0.924\nsamples = 377\nvalue = [1, 27, 1, 26, 2, 37, 1, 30, 3, 9, 3, 30, 39\n1, 22, 3, 36, 5, 32, 4, 23, 6, 35, 1]"] ;
0 -> 1 [labeldistance=2.5, labelangle=45, headlabel="True"] ;
2 [label="X[17] <= 14731.5\ngini = 0.827\nsamples = 111\nvalue = [0, 27, 1, 4, 0, 1, 1, 7, 3, 0, 0, 3, 2, 0\n4, 0, 6, 3, 4, 0, 12, 0, 33, 0]"] ;
1 -> 2 ;
3 [label="X[8] <= 4148.327\ngini = 0.52\nsamples = 41\nvalue = [0, 0, 1, 2, 0, 0, 1, 2, 3, 0, 0, 0, 0, 0\n1, 0, 1, 1, 1, 0, 0, 0, 28, 0]"] ;
2 -> 3 ;
4 [label="X[10] <= 0.979\ngini = 0.776\nsamples = 7\nvalue = [0, 0, 0, 2, 0, 0, 0, 2, 0, 0, 0, 0, 0, 0\n0, 0, 1, 1, 1, 0, 0, 0, 0, 0]"] ;
3 -> 4 ;
5 [label="X[17] <= 13762.0\ngini = 0.72\nsamples = 5\nvalue = [0, 0, 0, 0, 0, 0, 0, 2, 0, 0, 0, 0, 0, 0\n0, 0, 1, 1, 1, 0, 0, 0, 0, 0]"] ;
4 -> 5 ;
6 [label="X[8] <= 3687.347\ngini = 0.667\nsamples = 3\nvalue = [0, 0, 0, 0, 0, 0, 0, 0, 0, 0, 0, 0, 0, 0\n0, 0, 1, 1, 1, 0, 0, 0, 0, 0]"] ;
5 -> 6 ;
7 [label="gini = 0.0\nsamples = 1\nvalue = [0, 0, 0, 0, 0, 0, 0, 0, 0, 0, 0, 0, 0, 0\n0, 0, 0, 1, 0, 0, 0, 0, 0, 0]"] ;
6 -> 7 ;
8 [label="gini = 0.5\nsamples = 2\nvalue = [0, 0, 0, 0, 0, 0, 0, 0, 0, 0, 0, 0, 0, 0\n0, 0, 1, 0, 1, 0, 0, 0, 0, 0]"] ;
6 -> 8 ;
9 [label="gini = 0.0\nsamples = 2\nvalue = [0, 0, 0, 0, 0, 0, 0, 2, 0, 0, 0, 0, 0, 0\n0, 0, 0, 0, 0, 0, 0, 0, 0, 0]"] ;
5 -> 9 ;
10 [label="gini = 0.0\nsamples = 2\nvalue = [0, 0, 0, 2, 0, 0, 0, 0, 0, 0, 0, 0, 0, 0\n0, 0, 0, 0, 0, 0, 0, 0, 0, 0]"] ;
4 -> 10 ;
11 [label="X[16] <= 0.326\ngini = 0.311\nsamples = 34\nvalue = [0, 0, 1, 0, 0, 0, 1, 0, 3, 0, 0, 0, 0, 0\n1, 0, 0, 0, 0, 0, 0, 0, 28, 0]"] ;
3 -> 11 ;
12 [label="X[4] <= -25.135\ngini = 0.735\nsamples = 7\nvalue = [0, 0, 1, 0, 0, 0, 1, 0, 3, 0, 0, 0, 0, 0\n1, 0, 0, 0, 0, 0, 0, 0, 1, 0]"] ;
11 -> 12 ;
13 [label="X[12] <= -0.805\ngini = 0.75\nsamples = 4\nvalue = [0, 0, 1, 0, 0, 0, 1, 0, 0, 0, 0, 0, 0, 0\n1, 0, 0, 0, 0, 0, 0, 0, 1, 0]"] ;
12 -> 13 ;
14 [label="gini = 0.0\nsamples = 1\nvalue = [0, 0, 0, 0, 0, 0, 1, 0, 0, 0, 0, 0, 0, 0\n0, 0, 0, 0, 0, 0, 0, 0, 0, 0]"] ;
13 -> 14 ;
15 [label="gini = 0.667\nsamples = 3\nvalue = [0, 0, 1, 0, 0, 0, 0, 0, 0, 0, 0, 0, 0, 0\n1, 0, 0, 0, 0, 0, 0, 0, 1, 0]"] ;
13 -> 15 ;
16 [label="gini = 0.0\nsamples = 3\nvalue = [0, 0, 0, 0, 0, 0, 0, 0, 3, 0, 0, 0, 0, 0\n0, 0, 0, 0, 0, 0, 0, 0, 0, 0]"] ;
12 -> 16 ;
17 [label="gini = 0.0\nsamples = 27\nvalue = [0, 0, 0, 0, 0, 0, 0, 0, 0, 0, 0, 0, 0, 0\n0, 0, 0, 0, 0, 0, 0, 0, 27, 0]"] ;
11 -> 17 ;
18 [label="X[9] <= 853.998\ngini = 0.798\nsamples = 70\nvalue = [0, 27, 0, 2, 0, 1, 0, 5, 0, 0, 0, 3, 2, 0\n3, 0, 5, 2, 3, 0, 12, 0, 5, 0]"] ;
2 -> 18 ;
19 [label="gini = 0.0\nsamples = 17\nvalue = [0, 17, 0, 0, 0, 0, 0, 0, 0, 0, 0, 0, 0, 0\n0, 0, 0, 0, 0, 0, 0, 0, 0, 0]"] ;
18 -> 19 ;
20 [label="X[9] <= 1183.727\ngini = 0.872\nsamples = 53\nvalue = [0, 10, 0, 2, 0, 1, 0, 5, 0, 0, 0, 3, 2, 0\n3, 0, 5, 2, 3, 0, 12, 0, 5, 0]"] ;
18 -> 20 ;
21 [label="X[12] <= -0.291\ngini = 0.87\nsamples = 39\nvalue = [0, 10, 0, 2, 0, 1, 0, 5, 0, 0, 0, 2, 2, 0\n3, 0, 5, 2, 1, 0, 2, 0, 4, 0]"] ;
20 -> 21 ;
22 [label="gini = 0.0\nsamples = 4\nvalue = [0, 0, 0, 0, 0, 0, 0, 0, 0, 0, 0, 0, 0, 0\n0, 0, 0, 0, 0, 0, 0, 0, 4, 0]"] ;
21 -> 22 ;
23 [label="X[7] <= 0.251\ngini = 0.852\nsamples = 35\nvalue = [0, 10, 0, 2, 0, 1, 0, 5, 0, 0, 0, 2, 2, 0\n3, 0, 5, 2, 1, 0, 2, 0, 0, 0]"] ;
21 -> 23 ;
24 [label="gini = 0.514\nsamples = 12\nvalue = [0, 8, 0, 1, 0, 0, 0, 0, 0, 0, 0, 1, 0, 0\n0, 0, 0, 2, 0, 0, 0, 0, 0, 0]"] ;
23 -> 24 ;
25 [label="gini = 0.858\nsamples = 23\nvalue = [0, 2, 0, 1, 0, 1, 0, 5, 0, 0, 0, 1, 2, 0\n3, 0, 5, 0, 1, 0, 2, 0, 0, 0]"] ;
23 -> 25 ;
26 [label="X[10] <= 0.373\ngini = 0.459\nsamples = 14\nvalue = [0, 0, 0, 0, 0, 0, 0, 0, 0, 0, 0, 1, 0, 0\n0, 0, 0, 0, 2, 0, 10, 0, 1, 0]"] ;
20 -> 26 ;
27 [label="X[6] <= -1.453\ngini = 0.444\nsamples = 3\nvalue = [0, 0, 0, 0, 0, 0, 0, 0, 0, 0, 0, 1, 0, 0\n0, 0, 0, 0, 2, 0, 0, 0, 0, 0]"] ;
26 -> 27 ;
28 [label="gini = 0.0\nsamples = 1\nvalue = [0, 0, 0, 0, 0, 0, 0, 0, 0, 0, 0, 1, 0, 0\n0, 0, 0, 0, 0, 0, 0, 0, 0, 0]"] ;
27 -> 28 ;
29 [label="gini = 0.0\nsamples = 2\nvalue = [0, 0, 0, 0, 0, 0, 0, 0, 0, 0, 0, 0, 0, 0\n0, 0, 0, 0, 2, 0, 0, 0, 0, 0]"] ;
27 -> 29 ;
30 [label="X[0] <= 2.655\ngini = 0.165\nsamples = 11\nvalue = [0, 0, 0, 0, 0, 0, 0, 0, 0, 0, 0, 0, 0, 0\n0, 0, 0, 0, 0, 0, 10, 0, 1, 0]"] ;
26 -> 30 ;
31 [label="gini = 0.0\nsamples = 10\nvalue = [0, 0, 0, 0, 0, 0, 0, 0, 0, 0, 0, 0, 0, 0\n0, 0, 0, 0, 0, 0, 10, 0, 0, 0]"] ;
30 -> 31 ;
32 [label="gini = 0.0\nsamples = 1\nvalue = [0, 0, 0, 0, 0, 0, 0, 0, 0, 0, 0, 0, 0, 0\n0, 0, 0, 0, 0, 0, 0, 0, 1, 0]"] ;
30 -> 32 ;
33 [label="X[4] <= -34.837\ngini = 0.905\nsamples = 266\nvalue = [1, 0, 0, 22, 2, 36, 0, 23, 0, 9, 3, 27, 37\n1, 18, 3, 30, 2, 28, 4, 11, 6, 2, 1]"] ;
1 -> 33 ;
34 [label="X[17] <= 12205.0\ngini = 0.767\nsamples = 69\nvalue = [0, 0, 0, 0, 0, 16, 0, 0, 0, 0, 0, 0, 21, 0\n0, 0, 18, 0, 5, 0, 8, 1, 0, 0]"] ;
33 -> 34 ;
35 [label="X[8] <= 5306.583\ngini = 0.694\nsamples = 47\nvalue = [0, 0, 0, 0, 0, 15, 0, 0, 0, 0, 0, 0, 20, 0\n0, 0, 6, 0, 3, 0, 2, 1, 0, 0]"] ;
34 -> 35 ;
36 [label="X[4] <= -36.332\ngini = 0.641\nsamples = 37\nvalue = [0, 0, 0, 0, 0, 8, 0, 0, 0, 0, 0, 0, 20, 0\n0, 0, 4, 0, 3, 0, 1, 1, 0, 0]"] ;
35 -> 36 ;
37 [label="X[16] <= 0.368\ngini = 0.466\nsamples = 27\nvalue = [0, 0, 0, 0, 0, 8, 0, 0, 0, 0, 0, 0, 18, 0\n0, 0, 0, 0, 0, 0, 1, 0, 0, 0]"] ;
36 -> 37 ;
38 [label="gini = 0.322\nsamples = 21\nvalue = [0, 0, 0, 0, 0, 3, 0, 0, 0, 0, 0, 0, 17, 0\n0, 0, 0, 0, 0, 0, 1, 0, 0, 0]"] ;
37 -> 38 ;
39 [label="gini = 0.278\nsamples = 6\nvalue = [0, 0, 0, 0, 0, 5, 0, 0, 0, 0, 0, 0, 1, 0\n0, 0, 0, 0, 0, 0, 0, 0, 0, 0]"] ;
37 -> 39 ;
40 [label="X[4] <= -35.895\ngini = 0.7\nsamples = 10\nvalue = [0, 0, 0, 0, 0, 0, 0, 0, 0, 0, 0, 0, 2, 0\n0, 0, 4, 0, 3, 0, 0, 1, 0, 0]"] ;
36 -> 40 ;
41 [label="gini = 0.0\nsamples = 4\nvalue = [0, 0, 0, 0, 0, 0, 0, 0, 0, 0, 0, 0, 0, 0\n0, 0, 4, 0, 0, 0, 0, 0, 0, 0]"] ;
40 -> 41 ;
42 [label="gini = 0.611\nsamples = 6\nvalue = [0, 0, 0, 0, 0, 0, 0, 0, 0, 0, 0, 0, 2, 0\n0, 0, 0, 0, 3, 0, 0, 1, 0, 0]"] ;
40 -> 42 ;
43 [label="X[12] <= 0.23\ngini = 0.46\nsamples = 10\nvalue = [0, 0, 0, 0, 0, 7, 0, 0, 0, 0, 0, 0, 0, 0\n0, 0, 2, 0, 0, 0, 1, 0, 0, 0]"] ;
35 -> 43 ;
44 [label="X[11] <= 3717.935\ngini = 0.219\nsamples = 8\nvalue = [0, 0, 0, 0, 0, 7, 0, 0, 0, 0, 0, 0, 0, 0\n0, 0, 0, 0, 0, 0, 1, 0, 0, 0]"] ;
43 -> 44 ;
45 [label="gini = 0.0\nsamples = 1\nvalue = [0, 0, 0, 0, 0, 0, 0, 0, 0, 0, 0, 0, 0, 0\n0, 0, 0, 0, 0, 0, 1, 0, 0, 0]"] ;
44 -> 45 ;
46 [label="gini = 0.0\nsamples = 7\nvalue = [0, 0, 0, 0, 0, 7, 0, 0, 0, 0, 0, 0, 0, 0\n0, 0, 0, 0, 0, 0, 0, 0, 0, 0]"] ;
44 -> 46 ;
47 [label="gini = 0.0\nsamples = 2\nvalue = [0, 0, 0, 0, 0, 0, 0, 0, 0, 0, 0, 0, 0, 0\n0, 0, 2, 0, 0, 0, 0, 0, 0, 0]"] ;
43 -> 47 ;
48 [label="X[17] <= 15948.0\ngini = 0.616\nsamples = 22\nvalue = [0, 0, 0, 0, 0, 1, 0, 0, 0, 0, 0, 0, 1, 0\n0, 0, 12, 0, 2, 0, 6, 0, 0, 0]"] ;
34 -> 48 ;
49 [label="X[1] <= 3637.0\ngini = 0.525\nsamples = 18\nvalue = [0, 0, 0, 0, 0, 1, 0, 0, 0, 0, 0, 0, 1, 0\n0, 0, 12, 0, 2, 0, 2, 0, 0, 0]"] ;
48 -> 49 ;
50 [label="X[12] <= -0.272\ngini = 0.667\nsamples = 3\nvalue = [0, 0, 0, 0, 0, 1, 0, 0, 0, 0, 0, 0, 0, 0\n0, 0, 0, 0, 1, 0, 1, 0, 0, 0]"] ;
49 -> 50 ;
51 [label="gini = 0.0\nsamples = 1\nvalue = [0, 0, 0, 0, 0, 0, 0, 0, 0, 0, 0, 0, 0, 0\n0, 0, 0, 0, 1, 0, 0, 0, 0, 0]"] ;
50 -> 51 ;
52 [label="gini = 0.5\nsamples = 2\nvalue = [0, 0, 0, 0, 0, 1, 0, 0, 0, 0, 0, 0, 0, 0\n0, 0, 0, 0, 0, 0, 1, 0, 0, 0]"] ;
50 -> 52 ;
53 [label="X[13] <= -1.425\ngini = 0.347\nsamples = 15\nvalue = [0, 0, 0, 0, 0, 0, 0, 0, 0, 0, 0, 0, 1, 0\n0, 0, 12, 0, 1, 0, 1, 0, 0, 0]"] ;
49 -> 53 ;
54 [label="gini = 0.0\nsamples = 1\nvalue = [0, 0, 0, 0, 0, 0, 0, 0, 0, 0, 0, 0, 0, 0\n0, 0, 0, 0, 0, 0, 1, 0, 0, 0]"] ;
53 -> 54 ;
55 [label="gini = 0.255\nsamples = 14\nvalue = [0, 0, 0, 0, 0, 0, 0, 0, 0, 0, 0, 0, 1, 0\n0, 0, 12, 0, 1, 0, 0, 0, 0, 0]"] ;
53 -> 55 ;
56 [label="gini = 0.0\nsamples = 4\nvalue = [0, 0, 0, 0, 0, 0, 0, 0, 0, 0, 0, 0, 0, 0\n0, 0, 0, 0, 0, 0, 4, 0, 0, 0]"] ;
48 -> 56 ;
57 [label="X[0] <= 1.633\ngini = 0.908\nsamples = 197\nvalue = [1, 0, 0, 22, 2, 20, 0, 23, 0, 9, 3, 27, 16\n1, 18, 3, 12, 2, 23, 4, 3, 5, 2, 1]"] ;
33 -> 57 ;
58 [label="X[5] <= 131.938\ngini = 0.732\nsamples = 34\nvalue = [1, 0, 0, 0, 1, 3, 0, 11, 0, 0, 0, 0, 0, 1\n13, 0, 0, 0, 2, 0, 0, 2, 0, 0]"] ;
57 -> 58 ;
59 [label="X[3] <= 178.356\ngini = 0.347\nsamples = 15\nvalue = [1, 0, 0, 0, 0, 0, 0, 1, 0, 0, 0, 0, 0, 1\n12, 0, 0, 0, 0, 0, 0, 0, 0, 0]"] ;
58 -> 59 ;
60 [label="gini = 0.0\nsamples = 12\nvalue = [0, 0, 0, 0, 0, 0, 0, 0, 0, 0, 0, 0, 0, 0\n12, 0, 0, 0, 0, 0, 0, 0, 0, 0]"] ;
59 -> 60 ;
61 [label="X[2] <= 0.484\ngini = 0.667\nsamples = 3\nvalue = [1, 0, 0, 0, 0, 0, 0, 1, 0, 0, 0, 0, 0, 1\n0, 0, 0, 0, 0, 0, 0, 0, 0, 0]"] ;
59 -> 61 ;
62 [label="gini = 0.0\nsamples = 1\nvalue = [0, 0, 0, 0, 0, 0, 0, 1, 0, 0, 0, 0, 0, 0\n0, 0, 0, 0, 0, 0, 0, 0, 0, 0]"] ;
61 -> 62 ;
63 [label="gini = 0.5\nsamples = 2\nvalue = [1, 0, 0, 0, 0, 0, 0, 0, 0, 0, 0, 0, 0, 1\n0, 0, 0, 0, 0, 0, 0, 0, 0, 0]"] ;
61 -> 63 ;
64 [label="X[15] <= -4.053\ngini = 0.67\nsamples = 19\nvalue = [0, 0, 0, 0, 1, 3, 0, 10, 0, 0, 0, 0, 0, 0\n1, 0, 0, 0, 2, 0, 0, 2, 0, 0]"] ;
58 -> 64 ;
65 [label="X[1] <= 4437.5\ngini = 0.292\nsamples = 12\nvalue = [0, 0, 0, 0, 0, 0, 0, 10, 0, 0, 0, 0, 0, 0\n1, 0, 0, 0, 1, 0, 0, 0, 0, 0]"] ;
64 -> 65 ;
66 [label="gini = 0.0\nsamples = 1\nvalue = [0, 0, 0, 0, 0, 0, 0, 0, 0, 0, 0, 0, 0, 0\n0, 0, 0, 0, 1, 0, 0, 0, 0, 0]"] ;
65 -> 66 ;
67 [label="gini = 0.165\nsamples = 11\nvalue = [0, 0, 0, 0, 0, 0, 0, 10, 0, 0, 0, 0, 0, 0\n1, 0, 0, 0, 0, 0, 0, 0, 0, 0]"] ;
65 -> 67 ;
68 [label="X[1] <= 4437.5\ngini = 0.694\nsamples = 7\nvalue = [0, 0, 0, 0, 1, 3, 0, 0, 0, 0, 0, 0, 0, 0\n0, 0, 0, 0, 1, 0, 0, 2, 0, 0]"] ;
64 -> 68 ;
69 [label="gini = 0.0\nsamples = 3\nvalue = [0, 0, 0, 0, 0, 3, 0, 0, 0, 0, 0, 0, 0, 0\n0, 0, 0, 0, 0, 0, 0, 0, 0, 0]"] ;
68 -> 69 ;
70 [label="gini = 0.625\nsamples = 4\nvalue = [0, 0, 0, 0, 1, 0, 0, 0, 0, 0, 0, 0, 0, 0\n0, 0, 0, 0, 1, 0, 0, 2, 0, 0]"] ;
68 -> 70 ;
71 [label="X[13] <= -1.484\ngini = 0.9\nsamples = 163\nvalue = [0, 0, 0, 22, 1, 17, 0, 12, 0, 9, 3, 27, 16\n0, 5, 3, 12, 2, 21, 4, 3, 3, 2, 1]"] ;
57 -> 71 ;
72 [label="X[1] <= 3720.5\ngini = 0.34\nsamples = 10\nvalue = [0, 0, 0, 8, 0, 1, 0, 0, 0, 1, 0, 0, 0, 0\n0, 0, 0, 0, 0, 0, 0, 0, 0, 0]"] ;
71 -> 72 ;
73 [label="gini = 0.0\nsamples = 1\nvalue = [0, 0, 0, 0, 0, 1, 0, 0, 0, 0, 0, 0, 0, 0\n0, 0, 0, 0, 0, 0, 0, 0, 0, 0]"] ;
72 -> 73 ;
74 [label="X[9] <= 1119.581\ngini = 0.198\nsamples = 9\nvalue = [0, 0, 0, 8, 0, 0, 0, 0, 0, 1, 0, 0, 0, 0\n0, 0, 0, 0, 0, 0, 0, 0, 0, 0]"] ;
72 -> 74 ;
75 [label="gini = 0.0\nsamples = 8\nvalue = [0, 0, 0, 8, 0, 0, 0, 0, 0, 0, 0, 0, 0, 0\n0, 0, 0, 0, 0, 0, 0, 0, 0, 0]"] ;
74 -> 75 ;
76 [label="gini = 0.0\nsamples = 1\nvalue = [0, 0, 0, 0, 0, 0, 0, 0, 0, 1, 0, 0, 0, 0\n0, 0, 0, 0, 0, 0, 0, 0, 0, 0]"] ;
74 -> 76 ;
77 [label="X[15] <= -4.048\ngini = 0.901\nsamples = 153\nvalue = [0, 0, 0, 14, 1, 16, 0, 12, 0, 8, 3, 27, 16\n0, 5, 3, 12, 2, 21, 4, 3, 3, 2, 1]"] ;
71 -> 77 ;
78 [label="X[17] <= 12713.5\ngini = 0.759\nsamples = 38\nvalue = [0, 0, 0, 2, 0, 7, 0, 0, 0, 0, 0, 2, 7, 0\n1, 0, 4, 0, 15, 0, 0, 0, 0, 0]"] ;
77 -> 78 ;
79 [label="gini = 0.531\nsamples = 8\nvalue = [0, 0, 0, 1, 0, 0, 0, 0, 0, 0, 0, 2, 5, 0\n0, 0, 0, 0, 0, 0, 0, 0, 0, 0]"] ;
78 -> 79 ;
80 [label="gini = 0.671\nsamples = 30\nvalue = [0, 0, 0, 1, 0, 7, 0, 0, 0, 0, 0, 0, 2, 0\n1, 0, 4, 0, 15, 0, 0, 0, 0, 0]"] ;
78 -> 80 ;
81 [label="X[12] <= 0.322\ngini = 0.9\nsamples = 115\nvalue = [0, 0, 0, 12, 1, 9, 0, 12, 0, 8, 3, 25, 9, 0\n4, 3, 8, 2, 6, 4, 3, 3, 2, 1]"] ;
77 -> 81 ;
82 [label="gini = 0.916\nsamples = 89\nvalue = [0, 0, 0, 11, 1, 9, 0, 11, 0, 8, 3, 11, 7, 0\n3, 2, 3, 2, 6, 4, 2, 3, 2, 1]"] ;
81 -> 82 ;
83 [label="gini = 0.66\nsamples = 26\nvalue = [0, 0, 0, 1, 0, 0, 0, 1, 0, 0, 0, 14, 2, 0\n1, 1, 5, 0, 0, 0, 1, 0, 0, 0]"] ;
81 -> 83 ;
84 [label="X[12] <= 0.093\ngini = 0.94\nsamples = 412\nvalue = [33, 8, 24, 8, 31, 5, 24, 3, 22, 10, 37, 5, 1\n31, 14, 23, 2, 25, 2, 32, 10, 27, 10, 25]"] ;
0 -> 84 [labeldistance=2.5, labelangle=-45, headlabel="False"] ;
85 [label="X[4] <= -26.885\ngini = 0.92\nsamples = 269\nvalue = [2, 3, 24, 8, 29, 2, 23, 2, 19, 10, 36, 1, 0\n3, 8, 2, 1, 20, 2, 32, 6, 8, 10, 18]"] ;
84 -> 85 ;
86 [label="X[11] <= 3895.487\ngini = 0.899\nsamples = 149\nvalue = [2, 2, 4, 8, 26, 2, 1, 2, 0, 10, 14, 1, 0, 0\n8, 0, 1, 4, 2, 26, 6, 4, 10, 16]"] ;
85 -> 86 ;
87 [label="X[11] <= 2994.61\ngini = 0.894\nsamples = 109\nvalue = [1, 2, 4, 6, 8, 2, 1, 2, 0, 1, 13, 1, 0, 0\n8, 0, 1, 2, 2, 25, 5, 4, 10, 11]"] ;
86 -> 87 ;
88 [label="X[16] <= 0.319\ngini = 0.676\nsamples = 15\nvalue = [0, 1, 1, 0, 0, 0, 0, 0, 0, 0, 0, 0, 0, 0\n0, 0, 0, 0, 1, 0, 1, 1, 8, 2]"] ;
87 -> 88 ;
89 [label="X[2] <= 0.474\ngini = 0.778\nsamples = 6\nvalue = [0, 1, 1, 0, 0, 0, 0, 0, 0, 0, 0, 0, 0, 0\n0, 0, 0, 0, 1, 0, 0, 1, 0, 2]"] ;
88 -> 89 ;
90 [label="gini = 0.0\nsamples = 2\nvalue = [0, 0, 0, 0, 0, 0, 0, 0, 0, 0, 0, 0, 0, 0\n0, 0, 0, 0, 0, 0, 0, 0, 0, 2]"] ;
89 -> 90 ;
91 [label="gini = 0.75\nsamples = 4\nvalue = [0, 1, 1, 0, 0, 0, 0, 0, 0, 0, 0, 0, 0, 0\n0, 0, 0, 0, 1, 0, 0, 1, 0, 0]"] ;
89 -> 91 ;
92 [label="X[9] <= 1662.214\ngini = 0.198\nsamples = 9\nvalue = [0, 0, 0, 0, 0, 0, 0, 0, 0, 0, 0, 0, 0, 0\n0, 0, 0, 0, 0, 0, 1, 0, 8, 0]"] ;
88 -> 92 ;
93 [label="gini = 0.0\nsamples = 8\nvalue = [0, 0, 0, 0, 0, 0, 0, 0, 0, 0, 0, 0, 0, 0\n0, 0, 0, 0, 0, 0, 0, 0, 8, 0]"] ;
92 -> 93 ;
94 [label="gini = 0.0\nsamples = 1\nvalue = [0, 0, 0, 0, 0, 0, 0, 0, 0, 0, 0, 0, 0, 0\n0, 0, 0, 0, 0, 0, 1, 0, 0, 0]"] ;
92 -> 94 ;
95 [label="X[17] <= 9115.0\ngini = 0.876\nsamples = 94\nvalue = [1, 1, 3, 6, 8, 2, 1, 2, 0, 1, 13, 1, 0, 0\n8, 0, 1, 2, 1, 25, 4, 3, 2, 9]"] ;
87 -> 95 ;
96 [label="X[16] <= 0.297\ngini = 0.58\nsamples = 13\nvalue = [0, 0, 1, 0, 2, 0, 0, 0, 0, 1, 8, 0, 0, 0\n0, 0, 0, 0, 0, 0, 0, 0, 0, 1]"] ;
95 -> 96 ;
97 [label="gini = 0.444\nsamples = 3\nvalue = [0, 0, 0, 0, 2, 0, 0, 0, 0, 0, 0, 0, 0, 0\n0, 0, 0, 0, 0, 0, 0, 0, 0, 1]"] ;
96 -> 97 ;
98 [label="gini = 0.34\nsamples = 10\nvalue = [0, 0, 1, 0, 0, 0, 0, 0, 0, 1, 8, 0, 0, 0\n0, 0, 0, 0, 0, 0, 0, 0, 0, 0]"] ;
96 -> 98 ;
99 [label="X[3] <= 217.719\ngini = 0.863\nsamples = 81\nvalue = [1, 1, 2, 6, 6, 2, 1, 2, 0, 0, 5, 1, 0, 0\n8, 0, 1, 2, 1, 25, 4, 3, 2, 8]"] ;
95 -> 99 ;
100 [label="gini = 0.912\nsamples = 42\nvalue = [1, 1, 2, 5, 3, 2, 0, 0, 0, 0, 4, 1, 0, 0\n7, 0, 1, 1, 1, 4, 3, 3, 0, 3]"] ;
99 -> 100 ;
101 [label="gini = 0.679\nsamples = 39\nvalue = [0, 0, 0, 1, 3, 0, 1, 2, 0, 0, 1, 0, 0, 0\n1, 0, 0, 1, 0, 21, 1, 0, 2, 5]"] ;
99 -> 101 ;
102 [label="X[4] <= -32.954\ngini = 0.724\nsamples = 40\nvalue = [1, 0, 0, 2, 18, 0, 0, 0, 0, 9, 1, 0, 0, 0\n0, 0, 0, 2, 0, 1, 1, 0, 0, 5]"] ;
86 -> 102 ;
103 [label="X[17] <= 8119.5\ngini = 0.314\nsamples = 11\nvalue = [0, 0, 0, 1, 0, 0, 0, 0, 0, 9, 0, 0, 0, 0\n0, 0, 0, 0, 0, 0, 1, 0, 0, 0]"] ;
102 -> 103 ;
104 [label="gini = 0.0\nsamples = 9\nvalue = [0, 0, 0, 0, 0, 0, 0, 0, 0, 9, 0, 0, 0, 0\n0, 0, 0, 0, 0, 0, 0, 0, 0, 0]"] ;
103 -> 104 ;
105 [label="X[16] <= 0.34\ngini = 0.5\nsamples = 2\nvalue = [0, 0, 0, 1, 0, 0, 0, 0, 0, 0, 0, 0, 0, 0\n0, 0, 0, 0, 0, 0, 1, 0, 0, 0]"] ;
103 -> 105 ;
106 [label="gini = 0.0\nsamples = 1\nvalue = [0, 0, 0, 1, 0, 0, 0, 0, 0, 0, 0, 0, 0, 0\n0, 0, 0, 0, 0, 0, 0, 0, 0, 0]"] ;
105 -> 106 ;
107 [label="gini = 0.0\nsamples = 1\nvalue = [0, 0, 0, 0, 0, 0, 0, 0, 0, 0, 0, 0, 0, 0\n0, 0, 0, 0, 0, 0, 1, 0, 0, 0]"] ;
105 -> 107 ;
108 [label="X[12] <= -0.246\ngini = 0.576\nsamples = 29\nvalue = [1, 0, 0, 1, 18, 0, 0, 0, 0, 0, 1, 0, 0, 0\n0, 0, 0, 2, 0, 1, 0, 0, 0, 5]"] ;
102 -> 108 ;
109 [label="X[4] <= -30.09\ngini = 0.68\nsamples = 10\nvalue = [0, 0, 0, 1, 2, 0, 0, 0, 0, 0, 1, 0, 0, 0\n0, 0, 0, 0, 0, 1, 0, 0, 0, 5]"] ;
108 -> 109 ;
110 [label="gini = 0.278\nsamples = 6\nvalue = [0, 0, 0, 1, 0, 0, 0, 0, 0, 0, 0, 0, 0, 0\n0, 0, 0, 0, 0, 0, 0, 0, 0, 5]"] ;
109 -> 110 ;
111 [label="gini = 0.625\nsamples = 4\nvalue = [0, 0, 0, 0, 2, 0, 0, 0, 0, 0, 1, 0, 0, 0\n0, 0, 0, 0, 0, 1, 0, 0, 0, 0]"] ;
109 -> 111 ;
112 [label="X[7] <= 0.531\ngini = 0.277\nsamples = 19\nvalue = [1, 0, 0, 0, 16, 0, 0, 0, 0, 0, 0, 0, 0, 0\n0, 0, 0, 2, 0, 0, 0, 0, 0, 0]"] ;
108 -> 112 ;
113 [label="gini = 0.0\nsamples = 16\nvalue = [0, 0, 0, 0, 16, 0, 0, 0, 0, 0, 0, 0, 0, 0\n0, 0, 0, 0, 0, 0, 0, 0, 0, 0]"] ;
112 -> 113 ;
114 [label="gini = 0.444\nsamples = 3\nvalue = [1, 0, 0, 0, 0, 0, 0, 0, 0, 0, 0, 0, 0, 0\n0, 0, 0, 2, 0, 0, 0, 0, 0, 0]"] ;
112 -> 114 ;
115 [label="X[3] <= 208.807\ngini = 0.857\nsamples = 120\nvalue = [0, 1, 20, 0, 3, 0, 22, 0, 19, 0, 22, 0, 0, 3\n0, 2, 0, 16, 0, 6, 0, 4, 0, 2]"] ;
85 -> 115 ;
116 [label="X[11] <= 2467.746\ngini = 0.798\nsamples = 69\nvalue = [0, 1, 19, 0, 3, 0, 3, 0, 5, 0, 18, 0, 0, 0\n0, 1, 0, 15, 0, 2, 0, 2, 0, 0]"] ;
115 -> 116 ;
117 [label="X[1] <= 5038.5\ngini = 0.69\nsamples = 20\nvalue = [0, 1, 0, 0, 0, 0, 0, 0, 3, 0, 3, 0, 0, 0\n0, 0, 0, 10, 0, 1, 0, 2, 0, 0]"] ;
116 -> 117 ;
118 [label="X[2] <= 0.663\ngini = 0.602\nsamples = 17\nvalue = [0, 1, 0, 0, 0, 0, 0, 0, 0, 0, 3, 0, 0, 0\n0, 0, 0, 10, 0, 1, 0, 2, 0, 0]"] ;
117 -> 118 ;
119 [label="gini = 0.459\nsamples = 14\nvalue = [0, 1, 0, 0, 0, 0, 0, 0, 0, 0, 2, 0, 0, 0\n0, 0, 0, 10, 0, 1, 0, 0, 0, 0]"] ;
118 -> 119 ;
120 [label="gini = 0.444\nsamples = 3\nvalue = [0, 0, 0, 0, 0, 0, 0, 0, 0, 0, 1, 0, 0, 0\n0, 0, 0, 0, 0, 0, 0, 2, 0, 0]"] ;
118 -> 120 ;
121 [label="gini = 0.0\nsamples = 3\nvalue = [0, 0, 0, 0, 0, 0, 0, 0, 3, 0, 0, 0, 0, 0\n0, 0, 0, 0, 0, 0, 0, 0, 0, 0]"] ;
117 -> 121 ;
122 [label="X[17] <= 12299.0\ngini = 0.736\nsamples = 49\nvalue = [0, 0, 19, 0, 3, 0, 3, 0, 2, 0, 15, 0, 0, 0\n0, 1, 0, 5, 0, 1, 0, 0, 0, 0]"] ;
116 -> 122 ;
123 [label="X[7] <= 0.458\ngini = 0.578\nsamples = 30\nvalue = [0, 0, 18, 0, 1, 0, 2, 0, 0, 0, 7, 0, 0, 0\n0, 0, 0, 1, 0, 1, 0, 0, 0, 0]"] ;
122 -> 123 ;
124 [label="gini = 0.296\nsamples = 18\nvalue = [0, 0, 15, 0, 1, 0, 1, 0, 0, 0, 1, 0, 0, 0\n0, 0, 0, 0, 0, 0, 0, 0, 0, 0]"] ;
123 -> 124 ;
125 [label="gini = 0.667\nsamples = 12\nvalue = [0, 0, 3, 0, 0, 0, 1, 0, 0, 0, 6, 0, 0, 0\n0, 0, 0, 1, 0, 1, 0, 0, 0, 0]"] ;
123 -> 125 ;
126 [label="X[15] <= -2.956\ngini = 0.748\nsamples = 19\nvalue = [0, 0, 1, 0, 2, 0, 1, 0, 2, 0, 8, 0, 0, 0\n0, 1, 0, 4, 0, 0, 0, 0, 0, 0]"] ;
122 -> 126 ;
127 [label="gini = 0.406\nsamples = 8\nvalue = [0, 0, 0, 0, 0, 0, 0, 0, 1, 0, 6, 0, 0, 0\n0, 1, 0, 0, 0, 0, 0, 0, 0, 0]"] ;
126 -> 127 ;
128 [label="gini = 0.777\nsamples = 11\nvalue = [0, 0, 1, 0, 2, 0, 1, 0, 1, 0, 2, 0, 0, 0\n0, 0, 0, 4, 0, 0, 0, 0, 0, 0]"] ;
126 -> 128 ;
129 [label="X[7] <= 0.285\ngini = 0.766\nsamples = 51\nvalue = [0, 0, 1, 0, 0, 0, 19, 0, 14, 0, 4, 0, 0, 3\n0, 1, 0, 1, 0, 4, 0, 2, 0, 2]"] ;
115 -> 129 ;
130 [label="X[13] <= -1.261\ngini = 0.576\nsamples = 25\nvalue = [0, 0, 0, 0, 0, 0, 8, 0, 14, 0, 1, 0, 0, 0\n0, 0, 0, 0, 0, 0, 0, 0, 0, 2]"] ;
129 -> 130 ;
131 [label="X[1] <= 4754.5\ngini = 0.486\nsamples = 12\nvalue = [0, 0, 0, 0, 0, 0, 8, 0, 3, 0, 1, 0, 0, 0\n0, 0, 0, 0, 0, 0, 0, 0, 0, 0]"] ;
130 -> 131 ;
132 [label="gini = 0.198\nsamples = 9\nvalue = [0, 0, 0, 0, 0, 0, 8, 0, 0, 0, 1, 0, 0, 0\n0, 0, 0, 0, 0, 0, 0, 0, 0, 0]"] ;
131 -> 132 ;
133 [label="gini = 0.0\nsamples = 3\nvalue = [0, 0, 0, 0, 0, 0, 0, 0, 3, 0, 0, 0, 0, 0\n0, 0, 0, 0, 0, 0, 0, 0, 0, 0]"] ;
131 -> 133 ;
134 [label="X[15] <= -3.023\ngini = 0.26\nsamples = 13\nvalue = [0, 0, 0, 0, 0, 0, 0, 0, 11, 0, 0, 0, 0, 0\n0, 0, 0, 0, 0, 0, 0, 0, 0, 2]"] ;
130 -> 134 ;
135 [label="gini = 0.0\nsamples = 1\nvalue = [0, 0, 0, 0, 0, 0, 0, 0, 0, 0, 0, 0, 0, 0\n0, 0, 0, 0, 0, 0, 0, 0, 0, 1]"] ;
134 -> 135 ;
136 [label="gini = 0.153\nsamples = 12\nvalue = [0, 0, 0, 0, 0, 0, 0, 0, 11, 0, 0, 0, 0, 0\n0, 0, 0, 0, 0, 0, 0, 0, 0, 1]"] ;
134 -> 136 ;
137 [label="X[0] <= 2.479\ngini = 0.76\nsamples = 26\nvalue = [0, 0, 1, 0, 0, 0, 11, 0, 0, 0, 3, 0, 0, 3\n0, 1, 0, 1, 0, 4, 0, 2, 0, 0]"] ;
129 -> 137 ;
138 [label="X[12] <= -0.111\ngini = 0.818\nsamples = 15\nvalue = [0, 0, 1, 0, 0, 0, 1, 0, 0, 0, 3, 0, 0, 3\n0, 1, 0, 0, 0, 4, 0, 2, 0, 0]"] ;
137 -> 138 ;
139 [label="gini = 0.612\nsamples = 7\nvalue = [0, 0, 1, 0, 0, 0, 1, 0, 0, 0, 1, 0, 0, 0\n0, 0, 0, 0, 0, 4, 0, 0, 0, 0]"] ;
138 -> 139 ;
140 [label="gini = 0.719\nsamples = 8\nvalue = [0, 0, 0, 0, 0, 0, 0, 0, 0, 0, 2, 0, 0, 3\n0, 1, 0, 0, 0, 0, 0, 2, 0, 0]"] ;
138 -> 140 ;
141 [label="X[13] <= -1.353\ngini = 0.165\nsamples = 11\nvalue = [0, 0, 0, 0, 0, 0, 10, 0, 0, 0, 0, 0, 0, 0\n0, 0, 0, 1, 0, 0, 0, 0, 0, 0]"] ;
137 -> 141 ;
142 [label="gini = 0.0\nsamples = 1\nvalue = [0, 0, 0, 0, 0, 0, 0, 0, 0, 0, 0, 0, 0, 0\n0, 0, 0, 1, 0, 0, 0, 0, 0, 0]"] ;
141 -> 142 ;
143 [label="gini = 0.0\nsamples = 10\nvalue = [0, 0, 0, 0, 0, 0, 10, 0, 0, 0, 0, 0, 0, 0\n0, 0, 0, 0, 0, 0, 0, 0, 0, 0]"] ;
141 -> 143 ;
144 [label="X[11] <= 4194.262\ngini = 0.866\nsamples = 143\nvalue = [31, 5, 0, 0, 2, 3, 1, 1, 3, 0, 1, 4, 1, 28\n6, 21, 1, 5, 0, 0, 4, 19, 0, 7]"] ;
84 -> 144 ;
145 [label="X[3] <= 225.196\ngini = 0.876\nsamples = 121\nvalue = [11, 5, 0, 0, 2, 3, 1, 1, 3, 0, 1, 4, 1, 28\n6, 19, 1, 5, 0, 0, 4, 19, 0, 7]"] ;
144 -> 145 ;
146 [label="X[11] <= 3032.816\ngini = 0.881\nsamples = 91\nvalue = [11, 4, 0, 0, 1, 3, 0, 0, 2, 0, 1, 4, 1, 8\n6, 19, 0, 5, 0, 0, 4, 17, 0, 5]"] ;
145 -> 146 ;
147 [label="X[16] <= 0.329\ngini = 0.835\nsamples = 31\nvalue = [7, 2, 0, 0, 0, 0, 0, 0, 2, 0, 1, 0, 0, 1\n0, 0, 0, 5, 0, 0, 1, 7, 0, 5]"] ;
146 -> 147 ;
148 [label="X[10] <= 0.311\ngini = 0.831\nsamples = 26\nvalue = [7, 2, 0, 0, 0, 0, 0, 0, 2, 0, 1, 0, 0, 1\n0, 0, 0, 5, 0, 0, 1, 2, 0, 5]"] ;
147 -> 148 ;
149 [label="gini = 0.691\nsamples = 9\nvalue = [0, 2, 0, 0, 0, 0, 0, 0, 2, 0, 0, 0, 0, 0\n0, 0, 0, 0, 0, 0, 0, 1, 0, 4]"] ;
148 -> 149 ;
150 [label="gini = 0.727\nsamples = 17\nvalue = [7, 0, 0, 0, 0, 0, 0, 0, 0, 0, 1, 0, 0, 1\n0, 0, 0, 5, 0, 0, 1, 1, 0, 1]"] ;
148 -> 150 ;
151 [label="gini = 0.0\nsamples = 5\nvalue = [0, 0, 0, 0, 0, 0, 0, 0, 0, 0, 0, 0, 0, 0\n0, 0, 0, 0, 0, 0, 0, 5, 0, 0]"] ;
147 -> 151 ;
152 [label="X[14] <= 0.454\ngini = 0.833\nsamples = 60\nvalue = [4, 2, 0, 0, 1, 3, 0, 0, 0, 0, 0, 4, 1, 7\n6, 19, 0, 0, 0, 0, 3, 10, 0, 0]"] ;
146 -> 152 ;
153 [label="X[2] <= 0.492\ngini = 0.531\nsamples = 8\nvalue = [0, 0, 0, 0, 0, 0, 0, 0, 0, 0, 0, 0, 0, 5\n0, 1, 0, 0, 0, 0, 2, 0, 0, 0]"] ;
152 -> 153 ;
154 [label="gini = 0.444\nsamples = 3\nvalue = [0, 0, 0, 0, 0, 0, 0, 0, 0, 0, 0, 0, 0, 0\n0, 1, 0, 0, 0, 0, 2, 0, 0, 0]"] ;
153 -> 154 ;
155 [label="gini = 0.0\nsamples = 5\nvalue = [0, 0, 0, 0, 0, 0, 0, 0, 0, 0, 0, 0, 0, 5\n0, 0, 0, 0, 0, 0, 0, 0, 0, 0]"] ;
153 -> 155 ;
156 [label="X[8] <= 4866.818\ngini = 0.811\nsamples = 52\nvalue = [4, 2, 0, 0, 1, 3, 0, 0, 0, 0, 0, 4, 1, 2\n6, 18, 0, 0, 0, 0, 1, 10, 0, 0]"] ;
152 -> 156 ;
157 [label="gini = 0.0\nsamples = 6\nvalue = [0, 0, 0, 0, 0, 0, 0, 0, 0, 0, 0, 0, 0, 0\n0, 6, 0, 0, 0, 0, 0, 0, 0, 0]"] ;
156 -> 157 ;
158 [label="gini = 0.843\nsamples = 46\nvalue = [4, 2, 0, 0, 1, 3, 0, 0, 0, 0, 0, 4, 1, 2\n6, 12, 0, 0, 0, 0, 1, 10, 0, 0]"] ;
156 -> 158 ;
159 [label="X[4] <= -27.929\ngini = 0.54\nsamples = 30\nvalue = [0, 1, 0, 0, 1, 0, 1, 1, 1, 0, 0, 0, 0, 20\n0, 0, 1, 0, 0, 0, 0, 2, 0, 2]"] ;
145 -> 159 ;
160 [label="X[0] <= 3.176\ngini = 0.776\nsamples = 7\nvalue = [0, 0, 0, 0, 1, 0, 0, 1, 0, 0, 0, 0, 0, 0\n0, 0, 1, 0, 0, 0, 0, 2, 0, 2]"] ;
159 -> 160 ;
161 [label="X[4] <= -30.217\ngini = 0.72\nsamples = 5\nvalue = [0, 0, 0, 0, 1, 0, 0, 1, 0, 0, 0, 0, 0, 0\n0, 0, 1, 0, 0, 0, 0, 2, 0, 0]"] ;
160 -> 161 ;
162 [label="gini = 0.667\nsamples = 3\nvalue = [0, 0, 0, 0, 1, 0, 0, 1, 0, 0, 0, 0, 0, 0\n0, 0, 1, 0, 0, 0, 0, 0, 0, 0]"] ;
161 -> 162 ;
163 [label="gini = 0.0\nsamples = 2\nvalue = [0, 0, 0, 0, 0, 0, 0, 0, 0, 0, 0, 0, 0, 0\n0, 0, 0, 0, 0, 0, 0, 2, 0, 0]"] ;
161 -> 163 ;
164 [label="gini = 0.0\nsamples = 2\nvalue = [0, 0, 0, 0, 0, 0, 0, 0, 0, 0, 0, 0, 0, 0\n0, 0, 0, 0, 0, 0, 0, 0, 0, 2]"] ;
160 -> 164 ;
165 [label="X[13] <= -1.084\ngini = 0.238\nsamples = 23\nvalue = [0, 1, 0, 0, 0, 0, 1, 0, 1, 0, 0, 0, 0, 20\n0, 0, 0, 0, 0, 0, 0, 0, 0, 0]"] ;
159 -> 165 ;
166 [label="X[7] <= 0.219\ngini = 0.091\nsamples = 21\nvalue = [0, 0, 0, 0, 0, 0, 1, 0, 0, 0, 0, 0, 0, 20\n0, 0, 0, 0, 0, 0, 0, 0, 0, 0]"] ;
165 -> 166 ;
167 [label="gini = 0.0\nsamples = 1\nvalue = [0, 0, 0, 0, 0, 0, 1, 0, 0, 0, 0, 0, 0, 0\n0, 0, 0, 0, 0, 0, 0, 0, 0, 0]"] ;
166 -> 167 ;
168 [label="gini = 0.0\nsamples = 20\nvalue = [0, 0, 0, 0, 0, 0, 0, 0, 0, 0, 0, 0, 0, 20\n0, 0, 0, 0, 0, 0, 0, 0, 0, 0]"] ;
166 -> 168 ;
169 [label="X[15] <= -2.435\ngini = 0.5\nsamples = 2\nvalue = [0, 1, 0, 0, 0, 0, 0, 0, 1, 0, 0, 0, 0, 0\n0, 0, 0, 0, 0, 0, 0, 0, 0, 0]"] ;
165 -> 169 ;
170 [label="gini = 0.0\nsamples = 1\nvalue = [0, 1, 0, 0, 0, 0, 0, 0, 0, 0, 0, 0, 0, 0\n0, 0, 0, 0, 0, 0, 0, 0, 0, 0]"] ;
169 -> 170 ;
171 [label="gini = 0.0\nsamples = 1\nvalue = [0, 0, 0, 0, 0, 0, 0, 0, 1, 0, 0, 0, 0, 0\n0, 0, 0, 0, 0, 0, 0, 0, 0, 0]"] ;
169 -> 171 ;
172 [label="X[7] <= 0.493\ngini = 0.165\nsamples = 22\nvalue = [20, 0, 0, 0, 0, 0, 0, 0, 0, 0, 0, 0, 0, 0\n0, 2, 0, 0, 0, 0, 0, 0, 0, 0]"] ;
144 -> 172 ;
173 [label="gini = 0.0\nsamples = 1\nvalue = [0, 0, 0, 0, 0, 0, 0, 0, 0, 0, 0, 0, 0, 0\n0, 1, 0, 0, 0, 0, 0, 0, 0, 0]"] ;
172 -> 173 ;
174 [label="X[1] <= 3203.0\ngini = 0.091\nsamples = 21\nvalue = [20, 0, 0, 0, 0, 0, 0, 0, 0, 0, 0, 0, 0, 0\n0, 1, 0, 0, 0, 0, 0, 0, 0, 0]"] ;
172 -> 174 ;
175 [label="gini = 0.0\nsamples = 1\nvalue = [0, 0, 0, 0, 0, 0, 0, 0, 0, 0, 0, 0, 0, 0\n0, 1, 0, 0, 0, 0, 0, 0, 0, 0]"] ;
174 -> 175 ;
176 [label="gini = 0.0\nsamples = 20\nvalue = [20, 0, 0, 0, 0, 0, 0, 0, 0, 0, 0, 0, 0, 0\n0, 0, 0, 0, 0, 0, 0, 0, 0, 0]"] ;
174 -> 176 ;
}
